754
450
4350
3061
2449
52
290
160
15
4272
2093
846
652
1110
3722
299
2921
3151
1562
233
1472
175
1591
4910
495
3263
4949
4263
277
574
3807
1041
1086
3295
4806
3397
3290
4995
4541
4386
4092
259
3240
1187
892
155
3979
2142
4538
1811
121
3675
4715
1890
1023
3112
2670
1211
2373
3258
488
954
1426
2166
870
2430
4088
4505
3650
4998
1740
4102
1261
1560
3593
4280
1299
3665
224
3017
4092
449
1321
4615
675
674
3534
3636
4199
3311
3302
3110
2252
4459
3731
4566
4976
2964
4162
1596
1724
2254
2326
4648
568
2164
206
835
2698
4747
4047
3651
60
2591
542
1438
4585
3556
1683
2494
43
158
4143
7
782
2936
2371
1383
3782
3612
4600
738
4072
4976
3123
3306
3002
2947
2042
2364
1100
2596
1966
1671
1867
3660
3747
3322
1009
1380
2216
1155
2423
4587
1126
2842
2690
466
4230
4591
210
1933
4025
3625
736
4529
3170
3784
4117
1125
1715
1969
3965
2838
1684
3031
3661
1595
4484
2924
3410
483
1904
4639
2081
4392
2480
4767
1828
3892
979
2368
1346
3277
1567
4357
4121
3525
2916
3353
299
8
300
4219
321
2364
122
52
2042
1813
1215
2549
994
302
4065
2213
65
1360
3464
2680
168
3136
1663
3750
1441
835
761
3090
946
1581
2465
122
2596
1764
3959
2215
653
993
2995
1793
4678
311
2828
2438
430
1266
2813
3068
2760
1481
298
4242
570
1428
98
1229
205
257
1469
4471
4264
3244
4685
4820
2178
3379
303
3913
2254
3593
3717
1644
3276
517
4
788
4853
378
143
3436
2360
2928
642
4105
2444
2230
4386
3767
2993
223
1747
95
3608
1981
764
1415
3411
628
4970
4079
4684
1329
3725
919
1114
1739
38
4223
623
1226
2118
1371
853
2731
4642
4902
409
1947
4371
655
1740
4809
1609
1039
3902
4067
4736
2854
4985
3421
1018
3527
4386
2939
3346
4398
2666
1222
2253
111
2851
3284
3298
758
3819
4728
834
1952
1813
705
4696
2210
3466
1645
4539
1389
204
3474
1331
4928
100
4762
297
863
995
1299
968
337
4001
2823
2896
694
3981
201
2398
2368
4991
327
1085
2682
2709
2498
2192
454
3918
4209
1339
2098
2266
2164
4810
124
869
3488
3393
1612
807
89
3606
3595
3608
2249
4403
1637
1302
423
4660
1318
1755
2399
1015
1651
2504
1310
3758
2205
3013
3823
3298
233
809
1870
114
1872
321
4401
1638
2370
2778
4217
3573
4525
280
2734
4570
4368
2191
3293
2779
779
4369
1726
3447
594
1345
653
2519
4761
2304
4735
3371
139
4062
4757
178
908
972
3308
1226
4818
2328
1706
4758
698
647
1401
3461
1963
878
2461
4162
768
616
4674
3112
1045
3046
4476
3374
3601
515
3795
236
1592
4361
1839
1400
1973
2018
4015
2607
462
4888
2001
3568
3029
4681
845
771
4756
2809
1730
3191
3191
211
2868
2669
4888
1298
1948
3544
139
3720
485
4839
4558
3670
4204
2059
2283
3724
2634
24
4569
1712
465
75
4947
4056
3489
1320
4659
3224
4325
2326
4809
4360
4794
1078
4171
4935
1148
2956
1485
3622
1458
1825
3713
2022
395
3319
1052
4272
1577
2434
1117
3640
2432
4573
2385
35
1529
599
3655
2356
4365
4892
2568
4328
2482
1931
901
3837
1589
3920
340
4105
2016
2536
2598
1376
3486
2318
2997
671
2371
2
3841
160
2124
172
663
4579
4757
4689
2741
2466
3070
1481
3958
782
385
1925
3106
3879
2609
65
3938
631
3915
2981
3378
382
2029
2387
2822
2800
598
2587
3671
4537
3252
3960
3466
4396
1562
4934
1911
3309
4215
273
86
930
650
3977
3952
3721
109
4871
992
4184
3951
1604
860
1774
3803
799
1815
1089
1409
710
4167
1038
3398
161
61
4374
3018
4688
4659
2765
945
4979
84
1910
1097
4514
3610
1727
212
78
3845
3219
4985
298
2410
3101
4315
3201
1027
2243
1032
1104
3425
2836
1025
4158
4557
1193
1280
3854
4059
4976
4834
864
4142
1531
2672
1898
3166
2899
3949
3186
1516
2973
2110
3543
3207
1379
1161
3301
4843
89
3238
1486
327
3042
577
4981
106
1433
587
2861
4374
1458
2402
2856
1945
3611
1613
490
4871
1629
3890
2639
2040
4411
4845
868
4203
4845
3014
1181
1620
4478
4348
2586
1759
2258
1168
1585
2535
4218
2982
1000
1931
2504
355
423
1664
1537
1293
3200
4430
3358
109
1136
1112
277
1972
2352
613
1899
4103
4648
3740
952
81
2838
3677
3081
162
3345
796
3697
2062
1490
1181
4775
4973
4326
2337
355
4863
3316
4811
801
2196
4609
4643
3337
303
156
225
4207
4124
3540
1261
3737
2498
2445
2199
1866
3411
610
853
3742
3541
2434
95
4226
1098
3893
2611
2474
413
2097
2986
799
3718
4863
1974
4287
600
4164
1107
4935
773
4186
3402
23
3886
1568
4566
1185
423
1145
660
3959
856
2134
1342
3376
3108
509
3653
4319
560
3388
1815
3560
481
1920
1563
2692
153
27
1274
4273
4300
4154
2329
1462
3913
2484
4844
2287
984
1912
3166
2980
4551
2511
194
3917
320
4894
3239
3820
4925
4069
4380
2974
3262
111
2925
2284
2162
1938
4826
4695
2090
4497
4028
1742
1403
3322
2473
4303
1754
4096
3535
3108
2340
2491
4871
2064
3499
3482
224
1670
4320
4925
350
4858
2977
914
997
3805
1426
1596
561
310
2443
1067
1993
1411
4703
4537
4027
4669
16
3605
3669
2251
1958
2852
3536
3381
3643
2808
3331
4360
775
1652
4862
4914
4476
2455
2687
3518
4521
1431
1175
563
4951
4532
3846
2943
3748
3371
3173
233
2189
1051
3022
3979
0
1634
1587
2559
3658
4393
2020
4921
1965
2928
4389
265
745
2327
1608
4372
97
4624
1061
2027
3797
3422
4857
2284